RELAxing Chain
TEA_PUN powered by openMM
make sure you have a psf and crd before running this step!(example:chainID.psf/chainID.crd)
['EXT', 'CMAP', 'CHEQ', 'XPLOR']
lonepairs found: 180
Using platform: CUDA
BUILDing SYSTem
Forced Cubic Box a=Quantity(value=40.4588666763, unit=angstrom)
MINImizing ENERgy

INITial SYSTem ENERgy
-1153.5996500315741 kJ/mol
STARting DYNAmics
#"Step"	"Total Energy (kJ/mole)"
1000	373.03865563248837
2000	493.43159996842587
3000	524.8435262379571
4000	213.16792809342587
5000	181.39491783951962
6000	162.47603356217587
7000	51.47542321061337
8000	253.91377770280087
9000	171.18868004655087
10000	41.43843590592587
11000	18.37862145280087
12000	52.47603356217587
13000	49.44612633561337
14000	114.96828209733212
15000	105.61678063248837
16000	69.59981285905087
17000	170.84181725358212
18000	-7.286051398761629
19000	-17.48026526594913
20000	123.05928551530087
21000	171.13899742936337
22000	119.15840660905087
23000	49.66597496842587
24000	11.525533073894621
25000	77.89027916764462
26000	92.16780602311337
27000	140.92500817155087
28000	46.18831383561337
29000	25.41341149186337
30000	99.59523522233212
31000	62.94868981217587
32000	103.22188317155087
33000	130.88771569108212
34000	132.64217125748837
35000	143.28914391373837
36000	81.80696617936337
37000	-50.91764319563663
38000	-53.05362952376163
39000	12.396321648113371
40000	-10.708414680011629
41000	-18.28251135969913
42000	-10.118754035480379
43000	102.80928551530087
44000	130.11617028092587
45000	51.32655846451962
46000	21.84407555436337
47000	58.44960533951962
48000	-17.34134925032413
49000	11.027974480144621
50000	-79.20756018782413
51000	-33.70591223860538
52000	-42.12870276594913
53000	129.67805992936337
54000	107.28767906998837
55000	-11.838846808917879
56000	28.86263024186337
57000	-10.577189094074129
58000	81.93758141373837
59000	-11.043375617511629
60000	34.49318444108212
61000	72.96053063248837
62000	-17.72440589094913
63000	10.935689323894621
64000	-42.39444983626163
65000	-20.65226233626163
66000	-13.476847297199129
67000	23.73061119889462
68000	-198.78629553938663
69000	-184.86210120344913
70000	-165.64115393782413
71000	-3.3737589182928787
72000	-29.41276038313663
73000	-21.00101721907413
74000	-73.88712561751163
75000	-91.71488440657413
76000	-127.09415686751163
77000	-81.68912757063663
78000	-89.00138343001163
79000	-201.53556311751163
80000	-228.38736975813663
81000	-178.36490882063663
82000	-94.52360022688663
83000	-206.37510169173038
84000	-217.50419104719913
85000	-139.35380042219913
86000	-26.11332190657413
87000	-212.53867591048038
88000	-214.36106360579288
89000	-238.75980628157413
90000	-197.96402991438663
91000	-170.01920569563663
92000	-149.57145178938663
93000	-183.93332923079288
94000	-238.42362464094913
95000	-219.06168616438663
96000	-87.32535803938663
97000	-99.24741614485538
98000	-111.51450598860538
99000	-145.60196936751163
100000	-82.90586341048038
101000	-103.06876624251163
102000	-127.37461341048038
103000	-144.35453284407413
104000	-50.35105384016788
105000	-132.79117835188663
106000	-136.76224768782413
107000	-62.18241370344913
108000	-120.70646155501163
109000	-150.40067542219913
110000	-136.03623450423038
111000	-187.72965491438663
112000	-144.85257971907413
113000	-76.96488440657413
114000	-104.69053137923038
115000	-113.27524817610538
116000	-59.52945960188663
117000	53.26143395280087
118000	-239.46940100813663
119000	-214.49125159407413
120000	-168.79423010969913
121000	-177.36686194563663
122000	-78.30686438704288
123000	-290.84256995344913
124000	-200.51041663313663
125000	-215.67411292219913
126000	-210.73874915266788
127000	-128.88077796126163
128000	-172.65342200423038
129000	-237.37589514876163
130000	-197.85587561751163
131000	-110.01835120344913
132000	-151.55485022688663
133000	-152.98624671126163
134000	-204.35538733626163
135000	-219.05832923079288
136000	-247.37797034407413
137000	-206.58750403548038
138000	-181.74363196516788
139000	-279.8132120432929
140000	-228.19755042219913
141000	-172.36966956282413
142000	-98.89872229719913
143000	-122.21280921126163
144000	-289.1513468089179
145000	-342.26334632063663
146000	-356.08390296126163
147000	-277.34415686751163
148000	-282.8598429026679
149000	-178.85190833235538
150000	-161.82291663313663
151000	-172.59110510969913
152000	-275.27750647688663
153000	-362.23697913313663
154000	-275.14396155501163
155000	-306.45841468001163
156000	-203.58060706282413
157000	-195.51560462141788
158000	-304.22538245344913
159000	-275.91800940657413
160000	-285.06400550032413
161000	-302.13590491438663
162000	-345.3541055979804
163000	-350.23087561751163
164000	-263.93558753157413
165000	-344.1623331370429
166000	-337.6862589182929
167000	-274.26725257063663
168000	-204.21634925032413
169000	-219.39914954329288
170000	-167.35404456282413
171000	-245.23966468001163
172000	-357.65629065657413
173000	-117.65171301985538
174000	-270.4952188792304
175000	-311.15323889876163
176000	-332.01627600813663
177000	-235.74991858626163
178000	-286.76359046126163
179000	-346.56156409407413
180000	-350.9960733714179
181000	-266.49955237532413
182000	-305.91605628157413
183000	-320.62089026594913
184000	-219.00638831282413
185000	-236.54746497298038
186000	-288.18839514876163
187000	-235.19468176985538
188000	-270.29459632063663
189000	-395.6136270823554
190000	-278.18241370344913
191000	-238.46073401594913
192000	-179.85312903548038
193000	-180.29532874251163
194000	-234.26633704329288
195000	-437.0199991526679
196000	-361.51371253157413
197000	-329.2968546214179
198000	-369.5882364573554
199000	-323.45255530501163
200000	-209.23551428938663
201000	-368.75504553938663
202000	-298.26114905501163
203000	-263.74381507063663
204000	-365.8086954417304
205000	-376.7087198557929
206000	-359.3753458323554
207000	-173.46586096907413
208000	-233.32267249251163
209000	-280.50602210188663
210000	-258.3536173167304
211000	-267.14469397688663
212000	-229.85172522688663
213000	-302.46647132063663
214000	-304.0610147776679
215000	-283.97648108626163
216000	-297.51810706282413
217000	-215.48496497298038
218000	-193.53470862532413
219000	-263.73514807844913
220000	-307.57401526594913
221000	-211.30405676985538
222000	-270.13895667219913
223000	-194.25956214094913
224000	-297.00358069563663
225000	-231.67801917219913
226000	-192.35624182844913
227000	-353.03116858626163
228000	-313.1989542307929
229000	-418.97794593001163
230000	-326.84134925032413
231000	-341.86942542219913
232000	-334.50980628157413
233000	-307.78971350813663
234000	-226.66868079329288
235000	-294.66532385969913
236000	-90.99833167219913
237000	-262.3403116526679
238000	-161.18485510969913
239000	-129.51829016829288
240000	-262.4939981761054
241000	-222.77781165266788
242000	-286.38163245344913
243000	-298.29691565657413
244000	-226.73087561751163
245000	-236.27762854719913
246000	-315.0994669261054
247000	-249.34415686751163
248000	-326.54642737532413
249000	-270.59952796126163
250000	-264.53751624251163
251000	-285.03629553938663
252000	-243.40824378157413
253000	-183.86081946516788
254000	-165.96287024641788
255000	-272.32023108626163
256000	-268.61844885969913
257000	-312.66178382063663
258000	-275.24393714094913
259000	-251.78678382063663
260000	-274.62552893782413
261000	-211.16959632063663
262000	-281.82877600813663
263000	-243.04313147688663
264000	-217.71659339094913
265000	-330.0079141917304
266000	-382.17789710188663
267000	-190.26865637923038
268000	-171.32004798079288
269000	-330.25931800032413
270000	-388.47147620344913
271000	-306.34208167219913
272000	-325.46805823469913
273000	-329.68448889876163
274000	-217.67032874251163
275000	-219.97764075423038
276000	-446.5983682932929
277000	-459.86930335188663
278000	-204.71976721907413
279000	-189.37369788313663
280000	-313.7991739573554
281000	-249.73111975813663
282000	-232.96659339094913
283000	-428.68265784407413
284000	-374.6524454417304
285000	-234.95939124251163
286000	-204.84134925032413
287000	-316.21110022688663
288000	-331.57633460188663
289000	-458.38968909407413
290000	-380.2521768870429
291000	-348.97074378157413
292000	-442.2453409495429
293000	-265.4571329417304
294000	-188.60441077376163
295000	-298.2824503245429
296000	-272.46695960188663
297000	-297.44059241438663
298000	-361.64066565657413
299000	-124.68241370344913
300000	-177.54154456282413
301000	-279.58683264876163
302000	-270.08353675032413
303000	-320.51932776594913
304000	-395.0752970042304
305000	-277.04752600813663
306000	-295.05680335188663
307000	-343.48380530501163
308000	-234.01133216048038
309000	-168.21891272688663
310000	-172.65604651594913
311000	-209.94626868391788
312000	-306.2111612620429
313000	-268.49650061751163
314000	-184.39249671126163
315000	-229.00370276594913
316000	-277.91068518782413
317000	-268.2508341136054
318000	-272.00406897688663
319000	-251.50260413313663
320000	-326.33536780501163
321000	-217.66312659407413
322000	-274.53104651594913
323000	-206.76066077376163
324000	-271.25992835188663
325000	-270.70328772688663
326000	-305.5503946604804
327000	-263.71061194563663
328000	-311.89579260969913
329000	-195.27762854719913
330000	-279.83378089094913
331000	-295.50638831282413
332000	-211.69889319563663
333000	-268.48954260969913
334000	-383.70682776594913
335000	-351.44303382063663
336000	-314.49283850813663
337000	-265.48819983626163
338000	-329.32450354719913
339000	-301.24357093001163
340000	-345.05680335188663
341000	-261.70707190657413
342000	-301.82999671126163
343000	-315.17411292219913
344000	-252.44156897688663
345000	-279.65824378157413
346000	-232.74198401594913
347000	-250.94584143782413
348000	-334.93021643782413
349000	-276.55790198469913
350000	-329.92008460188663
351000	-304.46940100813663
352000	-281.63285315657413
353000	-399.8377481761054
354000	-307.89530432844913
355000	-232.40702307844913
356000	-167.02884925032413
357000	-346.84195960188663
358000	-327.87455237532413
359000	-313.23942053938663
360000	-248.82401526594913
361000	-256.30729163313663
362000	-150.51151526594913
363000	-233.59311926985538
364000	-235.01481116438663
365000	-238.32108557844913
366000	-225.71207678938663
367000	-316.59952796126163
368000	-267.9457804026679
369000	-275.66312659407413
370000	-247.02860510969913
371000	-185.89109290266788
372000	-241.58371985579288
373000	-277.70756018782413
374000	-208.52360022688663
375000	-297.60599768782413
376000	-278.28983557844913
377000	-245.07499182844913
378000	-249.67252600813663
379000	-319.98404944563663
380000	-285.19303382063663
381000	-305.72098792219913
382000	-303.1749063792304
383000	-232.26871741438663
384000	-265.95853675032413
385000	-261.69816077376163
386000	-235.13956702376163
387000	-263.7167764964179
388000	-305.89017737532413
389000	-305.75248206282413
390000	-377.66935218001163
391000	-203.32242835188663
392000	-187.73893225813663
393000	-137.04862464094913
394000	-250.40677893782413
395000	-291.9357706370429
396000	-272.1326700511054
397000	-263.7728067698554
398000	-252.89078772688663
399000	-315.51688635969913
400000	-281.10135901594913
401000	-326.98392737532413
402000	-276.74589026594913
403000	-328.43570960188663
404000	-353.28348792219913
405000	-298.22745764876163
406000	-298.38102210188663
407000	-264.7125040354804
408000	-243.38926184798038
409000	-174.91483557844913
410000	-381.4141641917304
411000	-140.25535071516788
412000	-323.5602823557929
413000	-318.64640296126163
414000	-198.66538489485538
415000	-195.51151526594913
416000	-294.01407874251163
417000	-209.54355872298038
418000	-279.5186563792304
419000	-273.89554846907413
420000	-264.78678382063663
421000	-262.27298987532413
422000	-325.38212073469913
423000	-358.08487952376163
424000	-235.06540930891788
425000	-216.47019446516788
426000	-172.14994300032413
427000	-164.91605628157413
428000	-217.10209143782413
429000	-226.03635657454288
430000	-207.98594153548038
431000	-317.07560218001163
432000	-135.60831702376163
433000	-229.81485999251163
434000	-316.9799600901679
435000	-297.54349768782413
436000	-295.1454874339179
437000	-324.32975257063663
438000	-301.9461466136054
439000	-365.09916175032413
440000	-150.80875647688663
441000	-247.97391760969913
442000	-221.54667151594913
443000	-211.77286780501163
444000	-260.3581339182929
445000	-215.51822913313663
446000	-241.88370764876163
447000	-274.8936563792304
448000	-329.54410803938663
449000	-277.7081095042304
450000	-239.67246497298038
451000	-230.09025061751163
452000	-248.15616858626163
453000	-199.93180335188663
454000	-87.04587805891788
455000	-118.15372718001163
456000	-344.60099280501163
457000	-118.09440100813663
458000	-310.73612464094913
459000	-231.53104651594913
460000	-263.6065470042304
461000	-338.57792151594913
462000	-302.84684241438663
463000	-293.10929358626163
464000	-319.84000647688663
465000	-267.98893225813663
466000	-266.7443643870429
467000	-415.50760901594913
468000	-283.3689981761054
469000	-284.81705725813663
470000	-307.72086585188663
471000	-332.0886026682929
472000	-341.74479163313663
473000	-369.2957559886054
474000	-345.78202307844913
475000	-335.7991739573554
476000	-347.6512247386054
477000	-286.41581214094913
478000	-325.6364542307929
479000	-295.00284827376163
480000	-234.58280432844913
481000	-234.70792639876163
482000	-226.00345862532413
483000	-298.8309122386054
484000	-247.54667151594913
485000	-208.26182044173038
486000	-204.02579749251163
487000	-116.05082190657413
488000	-262.18912757063663
489000	-283.4770304026679
490000	-177.53190100813663
491000	-142.90641272688663
492000	-251.64298499251163
493000	-426.7328897776679
494000	-296.96622718001163
495000	-266.9509073557929
496000	-324.04264319563663
497000	-378.23026526594913
498000	-300.4861856761054
499000	-243.79508460188663
500000	-248.76322425032413
501000	-194.27323401594913
502000	-220.95151770735538
503000	-267.44755042219913
504000	-257.4859415354804
505000	-248.22452796126163
506000	-234.02799475813663
507000	-160.97745764876163
508000	-182.41544593001163
509000	-170.20426428938663
510000	-354.02054846907413
511000	-325.89567053938663
512000	-314.7751261057929
513000	-319.36124671126163
514000	-337.6830850901679
515000	-241.91233313704288
516000	-237.63700354719913
517000	-295.20756018782413
518000	-269.32059729719913
519000	-230.18973792219913
520000	-323.3460489573554
521000	-266.35038245344913
522000	-299.71695960188663
523000	-219.19059241438663
524000	-230.30362952376163
525000	-157.44523108626163
526000	-189.72117102766788
527000	-123.57578528548038
528000	-153.99564612532413
529000	-169.46866858626163
530000	-154.00431311751163
531000	-157.09012854719913
532000	-137.78422034407413
533000	-282.65519202376163
534000	-272.12943518782413
535000	-325.75602210188663
536000	-260.5611368479804
537000	-262.21610510969913
538000	-281.35526526594913
539000	-243.86069739485538
540000	-279.5704141917304
541000	-337.01859534407413
542000	-405.51529944563663
543000	-341.76590979719913
544000	-301.67936194563663
545000	-283.81705725813663
546000	-344.46598303938663
547000	-370.60209143782413
548000	-363.28849280501163
549000	-335.08317053938663
550000	-267.99943030501163
551000	-267.3731485667304
552000	-192.37870276594913
553000	-377.97037757063663
554000	-389.5052286448554
555000	-173.89567053938663
556000	-256.76810706282413
557000	-242.88566077376163
558000	-289.75297034407413
559000	-200.47013343001163
560000	-192.75760901594913
561000	-387.28214514876163
562000	-389.2288614573554
563000	-200.96940100813663
564000	-213.47843421126163
565000	-346.48942053938663
566000	-177.08414710188663
567000	-427.3669229807929
568000	-324.81583655501163
569000	-335.09171546126163
570000	-210.65140784407413
571000	-366.13297522688663
572000	-405.07548010969913
573000	-401.23441565657413
574000	-308.2595011057929
575000	-280.04899085188663
576000	-250.20878089094913
577000	-269.6366983714179
578000	-316.66788733626163
579000	-280.58793128157413
580000	-329.24833167219913
581000	-303.45670569563663
582000	-316.07511389876163
583000	-358.14994300032413
584000	-343.1945596995429
585000	-364.7563272776679
586000	-452.70707190657413
587000	-241.36728919173038
588000	-262.16276038313663
589000	-427.47843421126163
590000	-245.65439856673038
591000	-278.12418616438663
592000	-189.79276526594913
593000	-373.48160803938663
594000	-284.92594397688663
595000	-361.70536292219913
596000	-382.7970987620429
597000	-319.99723303938663
598000	-331.4289346995429
599000	-408.34318030501163
600000	-266.4126993479804
601000	-344.23246253157413
602000	-327.80326331282413
603000	-300.77762854719913
604000	-357.19462073469913
605000	-295.9468790354804
606000	-243.74198401594913
607000	-315.3184610667304
608000	-286.7748819651679
609000	-292.30936682844913
610000	-200.31028235579288
611000	-279.57792151594913
612000	-296.2852579417304
613000	-371.07548010969913
614000	-351.1243692698554
615000	-266.2420450511054
616000	-151.43381751204288
617000	-157.56070960188663
618000	-269.19632971907413
619000	-180.31595862532413
620000	-220.59330237532413
621000	-332.4875284495429
622000	-287.06778968001163
623000	-336.81913245344913
624000	-339.2927042307929
625000	-246.33524573469913
626000	-277.12186682844913
627000	-283.67289221907413
628000	-295.50382483626163
629000	-368.03019202376163
630000	-177.36240637923038
631000	-201.99619544173038
632000	-306.67313635969913
633000	-350.96488440657413
634000	-296.02384436751163
635000	-200.88358557844913
636000	-254.84940589094913
637000	-248.41453040266788
638000	-253.07474768782413
639000	-259.79508460188663
640000	-211.07999671126163
641000	-348.21341956282413
642000	-267.46903479719913
643000	-256.63920081282413
644000	-257.0916544261054
645000	-331.77714026594913
646000	-303.9682413401679
647000	-357.98234046126163
648000	-318.72025550032413
649000	-257.21586096907413
650000	-225.09794104719913
651000	-232.21348059798038
652000	-221.20780432844913
653000	-357.28837073469913
654000	-271.54130042219913
655000	-393.07853186751163
656000	-271.9222208323554
657000	-344.87565100813663
658000	-358.56193030501163
659000	-178.41752112532413
660000	-271.06547034407413
661000	-226.34855139876163
662000	-285.32718909407413
663000	-382.10184729719913
664000	-410.83805335188663
665000	-165.95926917219913
666000	-331.6504923167304
667000	-357.39469397688663
668000	-256.20560706282413
669000	-291.81400550032413
670000	-374.82670081282413
671000	-356.75345862532413
672000	-277.67240393782413
673000	-228.66294348860538
674000	-266.19291175032413
675000	-285.39469397688663
676000	-412.6869913401679
677000	-234.01023352766788
678000	-206.13529456282413
679000	-328.33634436751163
680000	-398.8110147776679
681000	-348.04703772688663
682000	-291.7059122386054
683000	-343.19571936751163
684000	-359.6803995432929
685000	-264.30021155501163
686000	-335.93937171126163
687000	-381.41556800032413
688000	-444.64408362532413
689000	-282.24637854719913
690000	-413.7942911448554
691000	-95.47324622298038
692000	-263.0806680979804
693000	-226.34830725813663
694000	-351.23270667219913
695000	-361.71366370344913
696000	-302.10636389876163
697000	-350.64005530501163
698000	-369.6154581370429
699000	-365.0684610667304
700000	-245.19010413313663
701000	-359.9741007151679
702000	-412.3912149729804
703000	-244.64249671126163
704000	-262.07157385969913
705000	-309.0264688792304
706000	-310.56485999251163
707000	-370.18375647688663
708000	-330.98368323469913
709000	-512.3277994456366
710000	-240.88437903548038
711000	-300.69889319563663
712000	-344.4059854807929
713000	-297.95878089094913
714000	-386.62040198469913
715000	-413.4517618479804
716000	-354.54777014876163
717000	-355.68339026594913
718000	-410.0121866526679
719000	-390.57621253157413
720000	-389.17362464094913
721000	-252.40818274641788
722000	-249.66923010969913
723000	-287.1303507151679
724000	-441.87650550032413
725000	-446.74955237532413
726000	-299.2751261057929
727000	-194.03885901594913
728000	-252.86478675032413
729000	-300.14274085188663
730000	-311.11271155501163
731000	-305.54264319563663
732000	-400.95841468001163
733000	-277.4482218089179
734000	-322.16495764876163
735000	-364.13883460188663
736000	-156.96567786360538
737000	-262.98795569563663
738000	-392.77836096907413
739000	-351.85331214094913
740000	-398.77006018782413
741000	-360.6518350901679
742000	-405.98050940657413
743000	-180.85093176985538
744000	-260.14591468001163
745000	-309.22513831282413
746000	-392.9103800120429
747000	-281.6120401682929
748000	-323.62308753157413
749000	-243.22654212141788
750000	-238.06675208235538
751000	-208.17350257063663
752000	-222.34073889876163
753000	-419.80533850813663
754000	-329.02433264876163
755000	-331.01066077376163
756000	-446.75956214094913
757000	-427.10648596907413
758000	-303.84708655501163
759000	-308.2233682932929
760000	-381.3307901682929
761000	-343.9760538401679
762000	-312.88102210188663
763000	-427.63968909407413
764000	-384.13346350813663
765000	-433.45975745344913
766000	-271.22562659407413
767000	-221.72104895735538
768000	-204.67435706282413
769000	-257.05961096907413
770000	-461.71451819563663
771000	-229.39493811751163
772000	-243.11307776594913
773000	-308.90494788313663
774000	-260.12723792219913
775000	-287.77421057844913
776000	-203.68778479719913
777000	-237.21341956282413
778000	-269.96634925032413
779000	-303.5084024729804
780000	-324.54667151594913
781000	-98.68827307844913
782000	-192.95933020735538
783000	-232.71042884016788
784000	-180.93277991438663
785000	-157.35434973860538
786000	-321.63273108626163
787000	-202.99125159407413
788000	-310.05436194563663
789000	-311.57548010969913
790000	-320.42264807844913
791000	-309.71708167219913
792000	-405.09134925032413
793000	-417.07059729719913
794000	-347.66141760969913
795000	-326.87089026594913
796000	-328.17020667219913
797000	-300.08817542219913
798000	-265.8630167307929
799000	-219.61649573469913
800000	-334.8852335276679
801000	-356.9030557932929
802000	-358.1546427073554
803000	-312.90836585188663
804000	-366.8768106761054
805000	-348.42948401594913
806000	-347.3137003245429
807000	-375.84256995344913
808000	-209.57474768782413
809000	-248.51749671126163
810000	-129.42069495344913
811000	-239.06144202376163
812000	-277.76664221907413
813000	-277.68888343001163
814000	-180.98520911360538
815000	-229.96427405501163
816000	-180.06022132063663
817000	-267.52945960188663
818000	-287.30204260969913
819000	-271.54703772688663
820000	-210.50486243391788
821000	-151.98185218001163
822000	-359.81205237532413
823000	-265.62235510969913
824000	-221.61484778548038
825000	-195.40061438704288
826000	-346.80082190657413
827000	-372.06766760969913
828000	-398.21537268782413
829000	-291.06693518782413
830000	-272.87760413313663
831000	-107.90732825423038
832000	-286.61454260969913
833000	-269.15568030501163
834000	-255.04734290266788
835000	-433.79105628157413
836000	-429.49161780501163
837000	-402.53812659407413
838000	-458.76175940657413
839000	-402.1644083323554
840000	-436.73954260969913
841000	-286.75516760969913
842000	-265.43644202376163
843000	-267.7894083323554
844000	-397.3304239573554
845000	-367.6410929026679
846000	-322.99283850813663
847000	-258.21207678938663
848000	-362.4372354807929
849000	-271.64530432844913
850000	-285.6237589182929
851000	-373.14921057844913
852000	-387.14676917219913
853000	-363.69291175032413
854000	-296.00248206282413
855000	-308.2173868479804
856000	-386.14982093001163
857000	-325.95768225813663
858000	-236.96244300032413
859000	-338.44706214094913
860000	-179.18302405501163
861000	-336.54044593001163
862000	-297.26847327376163
863000	-347.16678870344913
864000	-291.61710608626163
865000	-296.05289710188663
866000	-338.9986368479804
867000	-342.25626624251163
868000	-346.15165198469913
869000	-331.20914710188663
870000	-306.2687784495429
871000	-355.0959268870429
872000	-335.02628577376163
873000	-258.83426917219913
874000	-236.32877600813663
875000	-260.75565589094913
876000	-281.66825354719913
877000	-239.02799475813663
878000	-455.62345374251163
879000	-473.65714514876163
880000	-434.62296546126163
881000	-321.19523108626163
882000	-345.74259436751163
883000	-350.90824378157413
884000	-324.23234046126163
885000	-392.97770178938663
886000	-366.25321448469913
887000	-356.72391760969913
888000	-391.63590491438663
889000	-424.1243692698554
890000	-387.76944983626163
891000	-373.07572425032413
892000	-438.76920569563663
893000	-376.45597327376163
894000	-266.64554846907413
895000	-345.10734046126163
896000	-257.8809610667304
897000	-310.77201331282413
898000	-209.34653723860538
899000	-362.92130530501163
900000	-435.04300940657413
901000	-441.27945960188663
902000	-264.6459757151679
903000	-262.54215491438663
904000	-321.2220255198554
905000	-378.09867346907413
906000	-214.53373206282413
907000	-380.3003946604804
908000	-393.1731973948554
909000	-443.83109534407413
910000	-365.50577796126163
911000	-312.3301798167304
912000	-409.46061194563663
913000	-377.0944620432929
914000	-216.16398108626163
915000	-311.86820471907413
916000	-373.40641272688663
917000	-451.64164221907413
918000	-328.91141760969913
919000	-512.9905191721991
920000	-333.28934729719913
921000	-476.0535684886054
922000	-426.02848303938663
923000	-416.6780802073554
924000	-358.00480139876163
925000	-251.48734534407413
926000	-388.51334632063663
927000	-399.98832190657413
928000	-366.36271155501163
929000	-312.4744669261054
930000	-218.37491858626163
931000	-244.83951819563663
932000	-288.4354044261054
933000	-372.9811807932929
934000	-301.2385050120429
935000	-318.68607581282413
936000	-261.5754190745429
937000	-255.09977210188663
938000	-265.64200843001163
939000	-276.38736975813663
940000	-264.52799475813663
941000	-318.6789346995429
942000	-290.51139319563663
943000	-394.22355139876163
944000	-403.42350257063663
945000	-375.2325235667304
946000	-354.9500528636054
947000	-400.75480139876163
948000	-431.4714151682929
949000	-311.51786292219913
950000	-259.84598792219913
951000	-251.90726721907413
952000	-463.3003946604804
953000	-375.10148108626163
954000	-398.57865393782413
955000	-326.00187171126163
956000	-448.59208167219913
957000	-278.1863809886054
958000	-288.47977698469913
959000	-319.74210608626163
960000	-306.80741370344913
961000	-307.59586585188663
962000	-309.17118323469913
963000	-345.3230997386054
964000	-252.51572669173038
965000	-362.8758341136054
966000	-433.86527503157413
967000	-332.88077796126163
968000	-311.7929483714179
969000	-347.43754065657413
970000	-303.64347327376163
971000	-387.07279456282413
972000	-386.6860147776679
973000	-465.73014319563663
974000	-239.72379553938663
975000	-346.38724768782413
976000	-330.69669593001163
977000	-375.72355139876163
978000	-420.8749796214179
979000	-406.6802774729804
980000	-297.78031409407413
981000	-322.09684241438663
982000	-350.1276651682929
983000	-344.2756143870429
984000	-427.71293128157413
985000	-312.25309241438663
986000	-409.22684729719913
987000	-384.11649573469913
988000	-365.28373206282413
989000	-380.06241858626163
990000	-375.69278968001163
991000	-433.3487345042304
992000	-299.6657511057929
993000	-357.6669718089179
994000	-260.2110391917304
995000	-304.25284827376163
996000	-349.87821448469913
997000	-365.12443030501163
998000	-408.03434241438663
999000	-323.3390909495429
1000000	-326.1503702464179
1001000	-310.46598303938663
1002000	-306.45926917219913
1003000	-364.07169593001163
1004000	-254.97611487532413
1005000	-244.41507971907413
1006000	-117.35782874251163
1007000	-342.6883341136054
1008000	-312.88419593001163
1009000	-314.0412393870429
1010000	-317.3306680979804
1011000	-327.86820471907413
1012000	-272.9556680979804
1013000	-207.60611975813663
1014000	-288.2378946604804
1015000	-369.2951456370429
1016000	-153.83243811751163
1017000	-228.62925208235538
1018000	-277.3996378245429
1019000	-268.08610022688663
1020000	-201.00187171126163
1021000	-163.75474036360538
1022000	-297.58805335188663
1023000	-397.34183753157413
1024000	-390.22489417219913
1025000	-427.72965491438663
1026000	-332.29813635969913
1027000	-313.5931192698554
1028000	-240.67270911360538
1029000	-319.80851233626163
1030000	-268.8492227854804
1031000	-258.58561194563663
1032000	-325.47306311751163
1033000	-256.59305823469913
1034000	-212.01798499251163
1035000	-275.5851846995429
1036000	-408.6893106761054
1037000	-247.96824134016788
1038000	-347.43326819563663
1039000	-326.91044104719913
1040000	-399.8262735667304
1041000	-299.35734046126163
1042000	-308.12333167219913
1043000	-335.21244300032413
1044000	-187.83201087141788
1045000	-354.99076331282413
1046000	-435.55912268782413
1047000	-347.82572425032413
1048000	-361.56388343001163
1049000	-268.66544593001163
1050000	-444.62027991438663
1051000	-412.7522989573554
1052000	-390.5253702464179
1053000	-238.38767493391788
1054000	-289.12467444563663
1055000	-379.26432288313663
1056000	-353.2369180979804
1057000	-344.66324866438663
1058000	-282.27652991438663
1059000	-329.1503702464179
1060000	-361.8127237620429
1061000	-371.61332190657413
1062000	-407.89786780501163
1063000	-435.43485510969913
1064000	-367.20316565657413
1065000	-334.2762247386054
1066000	-329.12650550032413
1067000	-361.72721350813663
1068000	-429.7687784495429
1069000	-429.99454749251163
1070000	-266.15726721907413
1071000	-301.69388831282413
1072000	-406.01688635969913
1073000	-357.25321448469913
1074000	-407.25358069563663
1075000	-266.85758460188663
1076000	-207.90543616438663
1077000	-269.7596231761054
1078000	-298.47269690657413
1079000	-324.73746741438663
1080000	-360.62601721907413
1081000	-352.95511878157413
1082000	-446.21756995344913
1083000	-459.54886878157413
1084000	-432.23881018782413
1085000	-472.90543616438663
1086000	-480.87101233626163
1087000	-385.28092444563663
1088000	-392.96305335188663
1089000	-322.55314124251163
1090000	-322.2231241526679
1091000	-271.84891760969913
1092000	-256.38126624251163
1093000	-279.32963050032413
1094000	-390.61588538313663
1095000	-407.17240393782413
1096000	-341.76127112532413
1097000	-422.9600626292304
1098000	-488.23087561751163
1099000	-427.31693518782413
1100000	-338.0187784495429
1101000	-484.7796427073554
1102000	-325.07914221907413
1103000	-386.44779456282413
1104000	-361.9910684886054
1105000	-371.7132364573554
1106000	-392.09635413313663
1107000	-474.86039221907413
1108000	-350.32303870344913
1109000	-410.57316077376163
1110000	-416.27604163313663
1111000	-419.6681925120429
1112000	-456.29374182844913
1113000	-521.1756998362616
1114000	-514.4707437815741
1115000	-289.3957315745429
1116000	-328.57926428938663
1117000	-343.22135413313663
1118000	-347.00150550032413
1119000	-373.08036292219913
1120000	-359.31730139876163
1121000	-484.7876993479804
1122000	-381.59354651594913
1123000	-343.43192542219913
1124000	-325.13016760969913
1125000	-337.69120276594913
1126000	-400.79569495344913
1127000	-460.55008948469913
1128000	-232.91044104719913
1129000	-346.4771524729804
1130000	-318.23087561751163
1131000	-350.1364542307929
1132000	-367.1965128245429
1133000	-452.63260901594913
1134000	-410.30607093001163
1135000	-440.6202188792304
1136000	-411.69425452376163
1137000	-437.30497229719913
1138000	-447.20829260969913
1139000	-398.4247843089179
1140000	-391.66532385969913
1141000	-401.76420081282413
1142000	-418.05057776594913
1143000	-357.22306311751163
1144000	-360.02384436751163
1145000	-392.74930823469913
1146000	-482.55973303938663
1147000	-494.44559729719913
1148000	-408.97379553938663
1149000	-260.95463050032413
1150000	-316.11429846907413
1151000	-321.9374796214179
1152000	-326.54850257063663
1153000	-384.2076212229804
1154000	-444.77286780501163
1155000	-399.97757971907413
1156000	-415.4844766917304
1157000	-435.43729651594913
1158000	-446.35453284407413
1159000	-400.4931436839179
1160000	-333.99711096907413
1161000	-464.67081702376163
1162000	-474.5120645823554
1163000	-454.74589026594913
1164000	-488.89921057844913
1165000	-361.8527628245429
1166000	-449.99723303938663
1167000	-336.26920569563663
1168000	-325.7181192698554
1169000	-445.58146155501163
1170000	-380.70365393782413
1171000	-452.55546057844913
1172000	-457.07926428938663
1173000	-438.44510901594913
1174000	-406.28055823469913
1175000	-409.30826819563663
1176000	-336.96940100813663
1177000	-332.93241370344913
1178000	-430.2336221995429
1179000	-332.1586710276679
1180000	-386.8805948557929
1181000	-384.4387003245429
1182000	-476.52799475813663
1183000	-518.7577310862616
1184000	-263.56962073469913
1185000	-331.06656897688663
1186000	-301.52262366438663
1187000	-363.85441077376163
1188000	-373.2483927073554
1189000	-398.12552893782413
1190000	-420.51835120344913
1191000	-266.8359171214179
1192000	-477.35795081282413
1193000	-447.8075968089179
1194000	-417.04532874251163
1195000	-447.33231604719913
1196000	-490.54252112532413
1197000	-459.5522257151679
1198000	-455.6465860667304
1199000	-498.12760413313663
1200000	-476.51713050032413
1201000	-517.3038736643866
1202000	-392.02067053938663
1203000	-418.7684122386054
1204000	-396.57902014876163
1205000	-481.99686682844913
1206000	-490.30692542219913
1207000	-432.0105997386054
1208000	-379.94266760969913
1209000	-363.37894690657413
1210000	-364.56107581282413
1211000	-402.96805823469913
1212000	-415.7112833323554
1213000	-512.9288736643866
1214000	-556.0924478831366
1215000	-504.6413370432929
1216000	-365.76151526594913
1217000	-462.5839639964179
1218000	-461.44266760969913
1219000	-467.0972696604804
1220000	-525.6003824534491
1221000	-452.63981116438663
1222000	-397.06290686751163
1223000	-442.49198401594913
1224000	-424.2295938792304
1225000	-385.35331214094913
1226000	-479.30790198469913
1227000	-406.1545206370429
1228000	-430.45414221907413
1229000	-203.44925940657413
1230000	-305.46134436751163
1231000	-285.0683389964179
1232000	-344.4273477854804
1233000	-387.60087073469913
1234000	-265.94181311751163
1235000	-357.50882971907413
1236000	-458.51407874251163
1237000	-347.65543616438663
1238000	-341.8315225901679
1239000	-264.6331583323554
1240000	-511.15470374251163
1241000	-380.39628089094913
1242000	-611.3238931956366
1243000	-389.94156897688663
1244000	-409.9745889964179
1245000	-330.26151526594913
1246000	-580.7716471018866
1247000	-451.61381018782413
1248000	-365.3002725901679
1249000	-347.9031778636054
1250000	-454.17106116438663
1251000	-496.4689737620429
1252000	-330.6264444651679
1253000	-349.64090979719913
1254000	-461.2066446604804
1255000	-468.4299112620429
1256000	-460.9587198557929
1257000	-451.4881388011054
1258000	-483.81949866438663
1259000	-590.1384683909491
1260000	-317.28373206282413
1261000	-380.52103675032413
1262000	-280.09098303938663
1263000	-298.8314005198554
1264000	-280.9109903636054
1265000	-294.93387854719913
1266000	-403.98527014876163
1267000	-392.29850257063663
1268000	-335.54642737532413
1269000	-337.81705725813663
1270000	-454.12455237532413
1271000	-482.67753089094913
1272000	-337.74430335188663
1273000	-311.0184122386054
1274000	-293.8491007151679
1275000	-377.42716468001163
1276000	-310.8589884104804
1277000	-348.7769571604804
1278000	-422.21671546126163
1279000	-286.7863565745429
1280000	-338.00712073469913
1281000	-339.21634925032413
1282000	-361.14676917219913
1283000	-364.07584632063663
1284000	-396.16495764876163
1285000	-275.19449866438663
1286000	-349.34745276594913
1287000	-413.67557776594913
1288000	-427.37345374251163
1289000	-460.4755655589179
1290000	-346.8563028636054
1291000	-397.56437171126163
1292000	-404.1797891917304
1293000	-357.68046057844913
1294000	-225.86301673079288
1295000	-279.19278968001163
1296000	-401.65372718001163
1297000	-391.4600626292304
1298000	-322.56547034407413
1299000	-361.15494788313663
1300000	-410.65189612532413
1301000	-441.42179358626163
1302000	-411.98612464094913
1303000	-394.86942542219913
1304000	-445.76920569563663
1305000	-310.87137854719913
1306000	-342.07828772688663
1307000	-568.0057779612616
1308000	-517.7521158518866
1309000	-289.42435706282413
1310000	-319.92081702376163
1311000	-363.50712073469913
1312000	-372.34684241438663
1313000	-411.01017249251163
1314000	-337.20157874251163
1315000	-317.54703772688663
1316000	-339.82694495344913
1317000	-268.00748694563663
1318000	-277.63334143782413
1319000	-286.06412757063663
1320000	-452.3647257151679
1321000	-435.13419593001163
1322000	-467.97110999251163
1323000	-327.8754679026679
1324000	-396.0073038401679
1325000	-412.2554727854804
1326000	-397.2403360667304
1327000	-327.76151526594913
1328000	-411.11918128157413
1329000	-465.4657999339179
1330000	-412.65433753157413
1331000	-453.9372354807929
1332000	-510.1302286448554
1333000	-510.8893839182929
1334000	-485.1489054026679
1335000	-377.77262366438663
1336000	-439.65604651594913
1337000	-427.95963538313663
1338000	-475.09061682844913
1339000	-253.49051917219913
1340000	-338.3881632151679
1341000	-394.68888343001163
1342000	-369.38968909407413
1343000	-416.44852698469913
1344000	-411.64139807844913
1345000	-252.94297278548038
1346000	-345.89371741438663
1347000	-359.54300940657413
1348000	-420.75944007063663
1349000	-448.98343909407413
1350000	-445.74479163313663
1351000	-456.02433264876163
1352000	-432.38419593001163
1353000	-353.08341468001163
1354000	-471.4062296214179
1355000	-372.0446573557929
1356000	-386.40275061751163
1357000	-423.4106241526679
1358000	-437.67313635969913
1359000	-343.9213663401679
1360000	-542.3565470042304
1361000	-437.2273966136054
1362000	-450.65799964094913
1363000	-391.9622598948554
1364000	-264.32071936751163
1365000	-418.55570471907413
1366000	-368.63175452376163
1367000	-565.5848184886054
1368000	-430.7083536448554
1369000	-380.7963663401679
1370000	-378.45890296126163
1371000	-343.7115274729804
1372000	-372.91153968001163
1373000	-400.67301428938663
1374000	-359.66715491438663
1375000	-372.82303870344913
1376000	-421.99784339094913
1377000	-338.97513831282413
1378000	-296.83439124251163
1379000	-405.69437659407413
1380000	-408.22391760969913
1381000	-315.0865274729804
1382000	-453.4299112620429
1383000	-411.5060831370429
1384000	-434.7942911448554
1385000	-399.15140784407413
1386000	-347.19596350813663
1387000	-433.4163614573554
1388000	-332.70902503157413
1389000	-283.25785315657413
1390000	-362.64127600813663
1391000	-383.8271280589179
1392000	-396.6021524729804
1393000	-430.43766272688663
1394000	-389.45255530501163
1395000	-385.1829630198554
1396000	-395.44803870344913
1397000	-416.2554727854804
1398000	-493.5272013011054
1399000	-438.11759436751163
1400000	-539.0720621409491
1401000	-595.1069742503241
1402000	-475.46744788313663
1403000	-264.6928507151679
1404000	-363.43058264876163
1405000	-409.35123694563663
1406000	-524.7534586253241
1407000	-373.1987100901679
1408000	-372.89127600813663
1409000	-437.0334268870429
1410000	-467.6017862620429
1411000	-448.15970862532413
1412000	-472.77311194563663
1413000	-406.41776526594913
1414000	-471.72086585188663
1415000	-542.4152017893866
1416000	-456.9531046214179
1417000	-438.53263343001163
1418000	-363.46329749251163
1419000	-406.32145178938663
1420000	-316.4776407542304
1421000	-412.04459632063663
1422000	-440.22526038313663
1423000	-367.9909464182929
1424000	-405.6595255198554
1425000	-378.16092932844913
1426000	-431.99967444563663
1427000	-399.7741495432929
1428000	-365.2020059886054
1429000	-411.31485999251163
1430000	-362.0594278636054
1431000	-354.85123694563663
1432000	-507.66044104719913
1433000	-544.3079019846991
1434000	-382.39713538313663
1435000	-381.97660315657413
1436000	-392.72013343001163
1437000	-386.90006507063663
1438000	-263.75211585188663
1439000	-449.97587073469913
1440000	-451.48185218001163
1441000	-403.1536661448554
1442000	-389.88749182844913
1443000	-443.73075354719913
1444000	-371.01981604719913
1445000	-314.58097327376163
1446000	-342.67533362532413
1447000	-382.1253458323554
1448000	-198.89322913313663
1449000	-348.52933753157413
1450000	-185.01066077376163
1451000	-205.41544593001163
1452000	-239.21073401594913
1453000	-378.52836096907413
1454000	-314.49698889876163
1455000	-374.53544104719913
1456000	-427.78299964094913
1457000	-387.79935706282413
1458000	-444.3799845042304
1459000	-480.05521643782413
1460000	-475.18094885969913
1461000	-487.12113440657413
1462000	-342.18412268782413
1463000	-383.0300089182929
1464000	-485.9789835276679
1465000	-392.36844885969913
1466000	-394.4238077464179
1467000	-372.89725745344913
1468000	-327.69095862532413
1469000	-455.01871741438663
1470000	-425.64493811751163
1471000	-421.60709632063663
1472000	-350.26774085188663
1473000	-335.58365882063663
1474000	-425.6094766917304
1475000	-418.5523477854804
1476000	-291.78299964094913
1477000	-311.97611487532413
1478000	-441.57706702376163
1479000	-382.0980020823554
1480000	-362.60856116438663
1481000	-312.5452677073554
1482000	-311.88798010969913
1483000	-387.7710977854804
1484000	-421.7286173167304
1485000	-490.46048987532413
1486000	-464.49674475813663
1487000	-337.8803507151679
1488000	-381.36551917219913
1489000	-448.72574866438663
1490000	-494.74552405501163
1491000	-493.90763343001163
1492000	-511.30289710188663
1493000	-342.78483069563663
1494000	-334.64554846907413
1495000	-310.2537638011054
1496000	-279.5754190745429
1497000	-414.51432288313663
1498000	-450.8082071604804
1499000	-450.09867346907413
1500000	-456.00358069563663
1501000	-442.56620276594913
1502000	-432.44401038313663
1503000	-417.12272132063663
1504000	-444.20304358626163
1505000	-475.74674475813663
1506000	-468.71439612532413
1507000	-434.27347815657413
1508000	-428.1706339182929
1509000	-343.1674600901679
1510000	-344.90665686751163
1511000	-476.8209024729804
1512000	-509.7653604807929
1513000	-484.30716956282413
1514000	-442.11564124251163
1515000	-445.35221350813663
1516000	-457.3292032542304
1517000	-496.29069007063663
1518000	-506.09989417219913
1519000	-476.00760901594913
1520000	-408.2825723948554
1521000	-416.46573889876163
1522000	-393.7380167307929
1523000	-443.50370276594913
1524000	-513.7301431956366
1525000	-446.49601233626163
1526000	-517.3846842112616
1527000	-477.47062171126163
1528000	-488.05643714094913
1529000	-500.39908850813663
1530000	-376.59330237532413
1531000	-541.6050211253241
1532000	-452.99125159407413
1533000	-414.48624671126163
1534000	-328.67093909407413
1535000	-368.97684729719913
1536000	-392.1148477854804
1537000	-545.2291666331366
1538000	-567.0829874339179
1539000	-322.32987464094913
1540000	-302.53263343001163
1541000	-395.00944007063663
1542000	-361.80436194563663
1543000	-285.8675333323554
1544000	-430.49979651594913
1545000	-430.4334513011054
1546000	-434.85538733626163
1547000	-392.98478186751163
1548000	-493.04471839094913
1549000	-476.8664346995429
1550000	-504.39689124251163
1551000	-375.36527503157413
1552000	-347.54276526594913
1553000	-364.12919104719913
1554000	-510.55301917219913
1555000	-504.5038858714179
1556000	-460.98929846907413
1557000	-552.6551920237616
1558000	-457.02738440657413
1559000	-383.91898596907413
1560000	-455.15787757063663
1561000	-390.51261389876163
1562000	-426.53983557844913
1563000	-397.57889807844913
1564000	-528.6858316721991
1565000	-365.76224768782413
1566000	-411.59574378157413
1567000	-479.90995276594913
1568000	-486.30558264876163
1569000	-536.5456339182929
1570000	-352.30411780501163
1571000	-375.96268714094913
1572000	-507.08780921126163
1573000	-464.1710001292304
1574000	-557.7644449534491
1575000	-551.3010660471991
1576000	-451.28373206282413
1577000	-457.25150550032413
1578000	-493.19352210188663
1579000	-424.61612952376163
1580000	-419.97269690657413
1581000	-491.65445960188663
1582000	-518.8863931956366
1583000	-382.82316077376163
1584000	-521.9736734690741
1585000	-423.65079749251163
1586000	-420.9968057932929
1587000	-381.01371253157413
1588000	-450.44803870344913
1589000	-521.4659830393866
1590000	-550.3362833323554
1591000	-564.5287271800116
1592000	-459.6887003245429
1593000	-411.7441202464179
1594000	-447.53922522688663
1595000	-455.12003577376163
1596000	-436.58194983626163
1597000	-385.6463419261054
1598000	-247.47318518782413
1599000	-379.4220987620429
1600000	-269.7997843089179
1601000	-365.30582678938663
1602000	-459.32645667219913
1603000	-475.00235999251163
1604000	-502.5937296214179
1605000	-456.97489417219913
1606000	-482.55167639876163
1607000	-430.1342569651679
1608000	-481.48307288313663
1609000	-517.4780680003241
1610000	-542.6201578440741
1611000	-549.4342447581366
1612000	-500.5368448557929
1613000	-532.4476724925116
1614000	-401.88529456282413
1615000	-364.32779944563663
1616000	-387.97281897688663
1617000	-517.1962076487616
1618000	-555.3331705393866
1619000	-496.19547522688663
1620000	-451.74003089094913
1621000	-421.6154581370429
1622000	-407.74186194563663
1623000	-432.1009317698554
1624000	-504.69437659407413
1625000	-578.9939371409491
1626000	-409.40946448469913
1627000	-430.30961096907413
1628000	-403.8611856761054
1629000	-506.99418128157413
1630000	-461.81864417219913
1631000	-496.89969885969913
1632000	-554.2369180979804
1633000	-387.0380655589179
1634000	-404.42985022688663
1635000	-364.36564124251163
1636000	-440.56193030501163
1637000	-436.54886878157413
1638000	-505.31046546126163
1639000	-538.6161295237616
1640000	-437.4493204417304
1641000	-471.13297522688663
1642000	-477.8364054026679
1643000	-424.32291663313663
1644000	-446.9162393870429
1645000	-442.18619788313663
1646000	-407.9616495432929
1647000	-375.43094885969913
1648000	-352.50638831282413
1649000	-382.15543616438663
1650000	-401.4156290354804
1651000	-430.2018839182929
1652000	-443.79178870344913
1653000	-442.66666663313663
1654000	-476.3799845042304
1655000	-559.1667887034491
1656000	-435.19083655501163
1657000	-405.25565589094913
1658000	-380.7492471995429
1659000	-360.4675089182929
1660000	-391.55692542219913
1661000	-616.9615885081366
1662000	-542.5901285471991
1663000	-325.4994913401679
1664000	-290.60367835188663
1665000	-503.48710120344913
1666000	-409.0728555979804
1667000	-412.41520178938663
1668000	-527.1533609690741
1669000	-446.3967081370429
1670000	-435.6424356761054
1671000	-386.4252725901679
1672000	-400.7017618479804
1673000	-414.62345374251163
1674000	-479.39786780501163
1675000	-565.3016763987616
1676000	-548.7096964182929
1677000	-529.9570108714179
1678000	-442.71952307844913
1679000	-507.81193030501163
1680000	-449.70438635969913
1681000	-474.35209143782413
1682000	-378.88944495344913
1683000	-453.48234046126163
1684000	-414.22147620344913
1685000	-420.76554358626163
1686000	-386.06046546126163
1687000	-324.3964639964179
1688000	-352.54361975813663
1689000	-468.25785315657413
1690000	-495.2100626292304
1691000	-461.38993323469913
1692000	-477.47611487532413
1693000	-451.09525550032413
1694000	-461.55375159407413
1695000	-490.2112833323554
1696000	-480.77189124251163
1697000	-620.1108805003241
1698000	-481.02396643782413
1699000	-465.72245276594913
1700000	-411.78263343001163
1701000	-424.36002600813663
1702000	-497.60526526594913
1703000	-507.2823282542304
1704000	-396.1924845042304
1705000	-506.45389807844913
1706000	-497.68180335188663
1707000	-361.64420569563663
1708000	-298.56412757063663
1709000	-402.20743811751163
1710000	-386.5184122386054
1711000	-414.9780069651679
1712000	-467.94181311751163
1713000	-517.4661051096991
1714000	-543.1473184886054
1715000	-341.91752112532413
1716000	-360.37528479719913
1717000	-360.15165198469913
1718000	-324.3218790354804
1719000	-376.5965372386054
1720000	-403.35758460188663
1721000	-463.91300452376163
1722000	-466.93424475813663
1723000	-541.0192056956366
1724000	-435.75052893782413
1725000	-468.5502725901679
1726000	-425.9947305979804
1727000	-408.23075354719913
1728000	-436.47391760969913
1729000	-568.5259805979804
1730000	-496.12674964094913
1731000	-554.2386881175116
1732000	-607.9650675120429
1733000	-401.62955725813663
1734000	-426.31510413313663
1735000	-388.12833655501163
1736000	-552.6526285471991
1737000	-553.3949381175116
1738000	-476.76896155501163
1739000	-487.57377112532413
1740000	-464.91080725813663
1741000	-366.2529093089179
1742000	-428.07352698469913
1743000	-446.08158362532413
1744000	-517.1223551096991
1745000	-473.0483194651679
1746000	-553.0851236643866
1747000	-616.0610758128241
1748000	-536.4285074534491
1749000	-476.15946448469913
1750000	-444.6851602854804
1751000	-483.28556311751163
1752000	-528.6755167307929
1753000	-540.6799722971991
1754000	-513.9018961253241
1755000	-536.7109171214179
1756000	-550.6645914378241
1757000	-442.65470374251163
1758000	-378.68131507063663
1759000	-357.8400675120429
1760000	-393.7447305979804
1761000	-443.61918128157413
1762000	-611.3409220042304
1763000	-514.2812906565741
1764000	-634.5736490550116
1765000	-582.5162760081366
1766000	-490.78299964094913
1767000	-538.8482462229804
1768000	-568.2620035471991
1769000	-523.9560953440741
1770000	-524.7843424143866
1771000	-379.30961096907413
1772000	-530.9978433909491
1773000	-451.6602579417304
1774000	-437.6440225901679
1775000	-485.50248206282413
1776000	-453.5433145823554
1777000	-436.7190958323554
1778000	-427.40299475813663
1779000	-402.45841468001163
1780000	-433.14640296126163
1781000	-402.56852210188663
1782000	-396.62040198469913
1783000	-421.15568030501163
1784000	-509.78153479719913
1785000	-442.0453897776679
1786000	-412.92533362532413
1787000	-501.10721839094913
1788000	-436.00712073469913
1789000	-414.34501135969913
1790000	-423.48539221907413
1791000	-315.78910315657413
1792000	-451.95926917219913
1793000	-449.66984046126163
1794000	-407.61564124251163
1795000	-555.3426920237616
1796000	-516.4225870432929
1797000	-431.28922522688663
1798000	-420.35843909407413
1799000	-431.5419718089179
1800000	-489.40580237532413
1801000	-508.53861487532413
1802000	-466.81278479719913
1803000	-440.35904944563663
1804000	-493.84696448469913
1805000	-378.41947425032413
1806000	-393.20377600813663
1807000	-494.54435218001163
1808000	-475.3744913401679
1809000	-438.83707678938663
1810000	-483.23160803938663
1811000	-573.9070841136054
1812000	-510.9545694651679
1813000	-471.95743811751163
1814000	-390.85978186751163
1815000	-458.22941077376163
1816000	-458.0929971995429
1817000	-323.82535803938663
1818000	-385.8868204417304
1819000	-420.13578284407413
1820000	-398.68290198469913
1821000	-481.81241858626163
1822000	-417.09842932844913
1823000	-306.80411780501163
1824000	-578.2802530589179
1825000	-456.05448401594913
1826000	-527.5261637034491
1827000	-520.2341715159491
1828000	-415.93717444563663
1829000	-437.71866858626163
1830000	-406.58097327376163
1831000	-402.72269690657413
1832000	-426.6458536448554
1833000	-436.28422034407413
1834000	-443.44022620344913
1835000	-364.91337073469913
1836000	-503.8483682932929
1837000	-540.1511637034491
1838000	-454.79557288313663
1839000	-476.86673987532413
1840000	-504.26456702376163
1841000	-536.4832559886054
1842000	-509.24650061751163
1843000	-391.7560831370429
1844000	-309.12418616438663
1845000	-540.7897135081366
1846000	-501.71244300032413
1847000	-497.9330850901679
1848000	-452.23881018782413
1849000	-408.23417151594913
1850000	-369.68546546126163
1851000	-287.6459757151679
1852000	-355.9833780589179
1853000	-366.64908850813663
1854000	-454.2385050120429
1855000	-364.43741858626163
1856000	-488.58097327376163
1857000	-523.4548746409491
1858000	-429.75101721907413
1859000	-507.19388831282413
1860000	-471.6335245432929
1861000	-461.3459268870429
1862000	-502.85685218001163
1863000	-499.5983682932929
1864000	-394.62052405501163
1865000	-423.31376135969913
1866000	-383.01908362532413
1867000	-353.56266272688663
1868000	-444.86246741438663
1869000	-496.18656409407413
1870000	-427.74186194563663
1871000	-352.14127600813663
1872000	-555.0287271800116
1873000	-532.3823038401679
1874000	-436.74222815657413
1875000	-393.51175940657413
1876000	-364.50004065657413
1877000	-433.28666175032413
1878000	-483.25590003157413
1879000	-475.06046546126163
1880000	-508.99015296126163
1881000	-426.18522132063663
1882000	-474.8241983714179
1883000	-429.87882483626163
1884000	-489.2931925120429
1885000	-409.08658850813663
1886000	-475.82718909407413
1887000	-431.84696448469913
1888000	-474.94657385969913
1889000	-391.51139319563663
1890000	-342.82645667219913
1891000	-317.62809241438663
1892000	-462.71171057844913
1893000	-415.74161780501163
1894000	-470.13541663313663
1895000	-438.05692542219913
1896000	-463.04984534407413
1897000	-422.72367346907413
1898000	-447.2680460276679
1899000	-447.0494180979804
1900000	-455.3271280589179
1901000	-480.42472327376163
1902000	-459.79300940657413
1903000	-465.9656778636054
1904000	-479.32035315657413
1905000	-523.2832437815741
1906000	-404.80607093001163
1907000	-410.86551917219913
1908000	-498.42264807844913
1909000	-456.77555335188663
1910000	-472.0115763011054
1911000	-310.84586585188663
1912000	-418.9096475901679
1913000	-420.6830850901679
1914000	-377.82560218001163
1915000	-289.62333167219913
1916000	-328.6934610667304
1917000	-464.46195471907413
1918000	-436.16117346907413
1919000	-562.6484781565741
1920000	-557.9406534495429
1921000	-433.92557776594913
1922000	-446.31608069563663
1923000	-370.52506507063663
1924000	-424.2288614573554
1925000	-445.43509925032413
1926000	-470.93253577376163
1927000	-448.24479163313663
1928000	-453.15397132063663
1929000	-427.25577796126163
1930000	-459.0912882151679
1931000	-459.90592444563663
1932000	-437.1528116526679
1933000	-406.93644202376163
1934000	-446.22330725813663
1935000	-446.69425452376163
1936000	-424.61625159407413
1937000	-534.4623209300116
1938000	-378.72049964094913
1939000	-451.21390784407413
1940000	-488.21244300032413
1941000	-436.1683145823554
1942000	-396.3274942698554
1943000	-417.66971839094913
1944000	-490.46708167219913
1945000	-427.75651038313663
1946000	-403.6266886057929
1947000	-476.68558753157413
1948000	-481.24393714094913
1949000	-525.4071451487616
1950000	-511.54142249251163
1951000	-277.9881388011054
1952000	-348.1778360667304
1953000	-435.5376993479804
1954000	-458.3077188792304
1955000	-425.80485022688663
1956000	-367.5424600901679
1957000	-551.3121744456366
1958000	-576.8633219065741
1959000	-559.6094156565741
1960000	-553.7341715159491
1961000	-503.07840979719913
1962000	-420.78153479719913
1963000	-476.64823401594913
1964000	-419.9946085276679
1965000	-505.85599768782413
1966000	-511.7710977854804
1967000	-449.0374552073554
1968000	-403.72098792219913
1969000	-333.00077307844913
1970000	-352.03141272688663
1971000	-400.04972327376163
1972000	-368.79545081282413
1973000	-406.27530921126163
1974000	-369.74064124251163
1975000	-442.36759436751163
1976000	-585.7172037425116
1977000	-533.4179483714179
1978000	-408.12150061751163
1979000	-388.48563635969913
1980000	-311.7857462229804
1981000	-455.9203897776679
1982000	-405.52201331282413
1983000	-466.78434241438663
1984000	-490.89860022688663
1985000	-514.8894449534491
1986000	-463.76432288313663
1987000	-437.25724280501163
1988000	-453.29996741438663
1989000	-456.51041663313663
1990000	-413.53446448469913
1991000	-529.3617349925116
1992000	-494.38163245344913
1993000	-602.7495523753241
1994000	-550.9515177073554
1995000	-511.0036417307929
1996000	-531.2001138987616
1997000	-504.3036905589179
1998000	-544.4662271800116
1999000	-599.3378092112616
2000000	-533.2076212229804
2001000	-505.8660684886054
2002000	-336.36258948469913
2003000	-335.22599280501163
2004000	-444.23685706282413
2005000	-487.1817423167304
2006000	-497.0483194651679
2007000	-475.02604163313663
2008000	-432.73331702376163
2009000	-430.71488440657413
2010000	-396.88749182844913
2011000	-520.0914713206366
2012000	-554.3890787425116
2013000	-437.80008948469913
2014000	-387.01615393782413
2015000	-450.50492346907413
2016000	-503.06962073469913
2017000	-493.88920081282413
2018000	-413.7990518870429
2019000	-365.29276526594913
2020000	-389.65091956282413
2021000	-403.15580237532413
2022000	-414.04056800032413
2023000	-340.97916663313663
2024000	-414.45585120344913
2025000	-421.30240882063663
2026000	-509.83915198469913
2027000	-503.73697913313663
2028000	-490.74027503157413
2029000	-370.77518714094913
2030000	-319.8654581370429
2031000	-408.3664346995429
2032000	-391.0921427073554
2033000	-517.1540933909491
2034000	-295.20914710188663
2035000	-341.58182776594913
2036000	-355.61503089094913
2037000	-442.84220374251163
2038000	-348.3621622386054
2039000	-436.20633948469913
2040000	-429.57084143782413
2041000	-449.66764319563663
2042000	-415.31559241438663
2043000	-413.59122718001163
2044000	-441.7765909495429
2045000	-360.8295694651679
2046000	-364.66861975813663
2047000	-451.4108682932929
2048000	-493.7862345042304
2049000	-362.43204749251163
2050000	-434.12089026594913
2051000	-496.9300333323554
2052000	-409.13138831282413
2053000	-373.5217081370429
2054000	-405.37711585188663
2055000	-362.40641272688663
2056000	-483.01102698469913
2057000	-597.3036295237616
2058000	-468.86881507063663
2059000	-403.25089514876163
2060000	-423.22294104719913
2061000	-502.07108557844913
2062000	-314.88822425032413
2063000	-469.99296057844913
2064000	-469.4859415354804
2065000	-486.6785684886054
2066000	-405.96110022688663
2067000	-476.4319864573554
2068000	-400.6363321604804
2069000	-388.94071448469913
2070000	-382.91288245344913
2071000	-441.9825235667304
2072000	-367.39689124251163
2073000	-424.63199866438663
2074000	-463.6799112620429
2075000	-407.32999671126163
2076000	-377.26932776594913
2077000	-373.88151038313663
2078000	-385.47184241438663
2079000	-481.67508948469913
2080000	-486.11930335188663
2081000	-511.97989905501163
2082000	-530.5461832346991
2083000	-501.53934729719913
2084000	-491.28544104719913
2085000	-479.69620764876163
2086000	-536.0614420237616
2087000	-561.0972696604804
2088000	-585.1984049143866
2089000	-329.71561682844913
2090000	-379.85294593001163
2091000	-424.22306311751163
2092000	-525.6758829417304
2093000	-402.19010413313663
2094000	-400.07926428938663
2095000	-544.0970865550116
2096000	-509.4429727854804
2097000	-332.82548010969913
2098000	-326.87089026594913
2099000	-353.8726602854804
2100000	-473.51017249251163
2101000	-441.18949378157413
2102000	-308.17789710188663
2103000	-535.2582804026679
2104000	-501.64029944563663
2105000	-521.6663614573554
2106000	-449.94669593001163
2107000	-423.64835608626163
2108000	-464.2049356761054
2109000	-385.28788245344913
2110000	-487.56424964094913
2111000	-443.0152384104804
2112000	-485.6519571604804
2113000	-464.91239417219913
2114000	-440.42240393782413
2115000	-473.35868323469913
2116000	-471.50577796126163
2117000	-437.76737464094913
2118000	-346.9649454417304
2119000	-356.82084143782413
2120000	-419.39701331282413
2121000	-469.48404944563663
2122000	-433.4072061839179
2123000	-423.0389200511054
2124000	-343.60734046126163
2125000	-343.2681680979804
2126000	-409.10123694563663
2127000	-497.68741858626163
2128000	-452.51334632063663
2129000	-397.25443518782413
2130000	-387.94242346907413
2131000	-444.02408850813663
2132000	-428.19498694563663
2133000	-406.40030921126163
2134000	-355.26078284407413
2135000	-463.63028968001163
2136000	-421.40116370344913
2137000	-466.37723792219913
2138000	-466.6783243479804
2139000	-508.8829141917304
2140000	-407.67032874251163
2141000	-417.76944983626163
2142000	-396.20145667219913
2143000	-345.4819132151679
2144000	-394.46854651594913
2145000	-401.10001624251163
2146000	-461.23465979719913
2147000	-571.7567545237616
2148000	-361.6439005198554
2149000	-366.40763343001163
2150000	-409.52030432844913
2151000	-396.85441077376163
2152000	-331.17057288313663
2153000	-356.3224893870429
2154000	-316.31803382063663
2155000	-358.07853186751163
2156000	-378.9311319651679
2157000	-402.2776895823554
2158000	-416.5527139964179
2159000	-412.93717444563663
2160000	-402.15311682844913
2161000	-492.49039710188663
2162000	-524.9171549143866
2163000	-303.5674845042304
2164000	-400.41141760969913
2165000	-430.81498206282413
2166000	-375.25297034407413
2167000	-508.75809729719913
2168000	-536.6813761057929
2169000	-575.6259561839179
2170000	-379.73881018782413
2171000	-361.0480753245429
2172000	-476.41215003157413
2173000	-402.86637366438663
2174000	-420.49161780501163
2175000	-392.48124182844913
2176000	-445.06254065657413
2177000	-390.9556680979804
2178000	-483.86466468001163
2179000	-439.37992346907413
2180000	-460.8992716136054
2181000	-437.5752970042304
2182000	-352.57596839094913
2183000	-450.3759561839179
2184000	-472.6824747386054
2185000	-361.2975870432929
2186000	-402.5678507151679
2187000	-421.50455725813663
2188000	-446.09000647688663
2189000	-515.8792520823554
2190000	-422.57096350813663
2191000	-455.39567053938663
2192000	-603.4076334300116
2193000	-667.8546549143866
2194000	-516.2330728831366
2195000	-494.5610147776679
2196000	-486.06559241438663
2197000	-411.15299475813663
2198000	-398.7626749339179
2199000	-395.89713538313663
2200000	-423.62162268782413
2201000	-312.00040686751163
2202000	-384.31559241438663
2203000	-326.96415198469913
2204000	-537.3940225901679
2205000	-543.6636148753241
2206000	-469.79947913313663
2207000	-441.1153360667304
2208000	-265.62089026594913
2209000	-479.29862464094913
2210000	-400.67118323469913
2211000	-455.5696817698554
2212000	-510.4451700511054
2213000	-534.7011514964179
2214000	-371.79557288313663
2215000	-361.33378089094913
2216000	-516.7498575511054
2217000	-549.4855142893866
2218000	-501.05485022688663
2219000	-419.8809610667304
2220000	-684.3031412425116
2221000	-328.2147013011054
2222000	-325.70157874251163
2223000	-387.61905921126163
2224000	-498.03080237532413
2225000	-511.75211585188663
2226000	-484.6971231761054
2227000	-482.1703897776679
2228000	-373.45463050032413
2229000	-502.45829260969913
2230000	-432.8107706370429
2231000	-468.0566202464179
2232000	-367.68912757063663
2233000	-450.5762735667304
2234000	-476.20353186751163
2235000	-431.3305460276679
2236000	-424.52237952376163
2237000	-387.21232093001163
2238000	-444.84073889876163
2239000	-483.78299964094913
2240000	-484.6503702464179
2241000	-429.99881995344913
2242000	-410.15677893782413
2243000	-448.20145667219913
2244000	-465.07828772688663
2245000	-457.54838050032413
2246000	-393.73246253157413
2247000	-501.09232581282413
2248000	-543.2203775706366
2249000	-507.1218057932929
2250000	-444.7707315745429
2251000	-507.5740763011054
2252000	-301.07364905501163
2253000	-285.39640296126163
2254000	-352.76664221907413
2255000	-296.69852698469913
2256000	-405.7626749339179
2257000	-389.27848303938663
2258000	-392.31180823469913
2259000	-412.40641272688663
2260000	-344.42106116438663
2261000	-469.64774573469913
2262000	-473.29581702376163
2263000	-507.47501624251163
2264000	-438.91630042219913
2265000	-493.26944983626163
2266000	-371.19083655501163
2267000	-403.9316202464179
2268000	-473.7525430979804
2269000	-476.3971964182929
2270000	-301.83732093001163
2271000	-424.76652014876163
2272000	-397.53763831282413
2273000	-381.87577307844913
2274000	-402.89579260969913
2275000	-456.93827307844913
2276000	-452.4267374339179
2277000	-372.56901038313663
2278000	-439.17264807844913
2279000	-437.2947794261054
2280000	-435.92460120344913
2281000	-533.8407999339179
2282000	-483.62430823469913
2283000	-432.86258948469913
2284000	-430.9664102854804
2285000	-454.35013831282413
2286000	-457.49149573469913
2287000	-439.46097815657413
2288000	-351.42264807844913
2289000	-442.15653479719913
2290000	-463.8157755198554
2291000	-411.9593302073554
2292000	-430.3335977854804
2293000	-497.28153479719913
2294000	-492.84525550032413
2295000	-480.09965003157413
2296000	-462.94278968001163
2297000	-476.91874182844913
2298000	-377.5510050120429
2299000	-376.04459632063663
2300000	-305.47196448469913
2301000	-320.66544593001163
2302000	-548.2916666331366
2303000	-445.08707678938663
2304000	-444.12735999251163
2305000	-442.10746253157413
2306000	-563.9930826487616
2307000	-466.16727698469913
2308000	-454.9437052073554
2309000	-464.6733194651679
2310000	-416.23002112532413
2311000	-349.92118323469913
2312000	-483.4930216136054
2313000	-439.59757483626163
2314000	-394.77433264876163
2315000	-488.6287638011054
2316000	-464.43033850813663
2317000	-371.6895548167304
2318000	-330.6041055979804
2319000	-254.93216956282413
2320000	-356.51371253157413
2321000	-372.81766760969913
2322000	-434.32694495344913
2323000	-459.1030069651679
2324000	-403.98929846907413
2325000	-524.6153971018866
2326000	-436.1110636057929
2327000	-268.56791175032413
2328000	-364.3359171214179
2329000	-345.08744300032413
2330000	-332.4295450511054
2331000	-431.67252600813663
2332000	-522.4965006175116
2333000	-527.3382974925116
2334000	-494.52237952376163
2335000	-383.71341956282413
2336000	-494.24857581282413
2337000	-530.7428385081366
2338000	-492.39872229719913
2339000	-476.00394690657413
2340000	-504.55131018782413
2341000	-282.1939493479804
2342000	-474.81083167219913
2343000	-453.7043253245429
2344000	-438.50370276594913
2345000	-464.81669104719913
2346000	-405.9311319651679
2347000	-455.73697913313663
2348000	-503.2874552073554
2349000	-454.22513831282413
2350000	-565.9598184886054
2351000	-465.84012854719913
2352000	-378.69510901594913
2353000	-447.0295206370429
2354000	-465.66215003157413
2355000	-449.83292639876163
2356000	-317.96549475813663
2357000	-396.37601721907413
2358000	-456.5901895823554
2359000	-403.6808878245429
2360000	-347.6855264964179
2361000	-373.21940100813663
2362000	-351.21256507063663
2363000	-462.3189493479804
2364000	-452.40275061751163
2365000	-435.68107093001163
2366000	-409.01078284407413
2367000	-350.73014319563663
2368000	-338.25455725813663
2369000	-537.2006021800116
2370000	-399.36442053938663
2371000	-493.18216956282413
2372000	-487.20084632063663
2373000	-367.22367346907413
2374000	-330.41153968001163
2375000	-349.6281534495429
2376000	-561.3638101878241
2377000	-554.2920328440741
2378000	-584.1442667307929
2379000	-365.52799475813663
2380000	-358.31229651594913
2381000	-410.58146155501163
2382000	-467.21720374251163
2383000	-465.69523108626163
2384000	-456.2403360667304
2385000	-502.02225745344913
2386000	-577.0770670237616
2387000	-410.9670206370429
2388000	-392.5121866526679
2389000	-509.30594885969913
2390000	-452.2079874339179
2391000	-583.4752603831366
2392000	-440.51224768782413
2393000	-408.76810706282413
2394000	-370.5420938792304
2395000	-422.16678870344913
2396000	-353.90275061751163
2397000	-431.53519690657413
2398000	-350.83292639876163
2399000	-355.52469885969913
2400000	-361.34073889876163
2401000	-476.77213538313663
2402000	-423.64798987532413
2403000	-554.6518961253241
2404000	-461.39591468001163
2405000	-483.0698038401679
2406000	-422.1304727854804
2407000	-363.8958536448554
2408000	-414.16324866438663
2409000	-364.8458048167304
2410000	-430.7057901682929
2411000	-316.8776651682929
2412000	-461.9274698557929
2413000	-416.65055335188663
2414000	-447.80216468001163
2415000	-530.7428385081366
2416000	-433.49247229719913
2417000	-539.8627115550116
2418000	-293.6583048167304
2419000	-334.43546546126163
2420000	-480.50590003157413
2421000	-400.0699259104804
2422000	-422.91410315657413
2423000	-301.92667639876163
2424000	-462.38517249251163
2425000	-433.19340003157413
2426000	-529.1565347971991
2427000	-538.5749307932929
2428000	-448.3710733714179
2429000	-438.63041175032413
2430000	-413.2010294261054
2431000	-475.17850745344913
2432000	-546.5358682932929
2433000	-435.2913614573554
2434000	-385.20878089094913
2435000	-394.20231116438663
2436000	-469.64225257063663
2437000	-464.8447061839179
2438000	-387.5550333323554
2439000	-560.0734049143866
2440000	-553.3654581370429
2441000	-539.2979532542304
2442000	-454.89444983626163
2443000	-461.1970011057929
2444000	-495.87394202376163
2445000	-327.6274210276679
2446000	-303.72098792219913
2447000	-460.28312171126163
2448000	-445.65470374251163
2449000	-445.1003214182929
2450000	-499.02689612532413
2451000	-532.9860025706366
2452000	-466.00870764876163
2453000	-393.4739786448554
2454000	-348.59794104719913
2455000	-449.62443030501163
2456000	-472.9219766917304
2457000	-420.55839026594913
2458000	-488.01810706282413
2459000	-473.36686194563663
2460000	-517.5865885081366
2461000	-538.8043619456366
2462000	-553.6663614573554
2463000	-565.9928385081366
2464000	-484.66825354719913
2465000	-494.25309241438663
2466000	-470.3799845042304
2467000	-563.6656290354804
2468000	-573.0360513987616
2469000	-483.29142249251163
2470000	-494.05350745344913
2471000	-476.5543009104804
2472000	-497.06840003157413
2473000	-505.43876135969913
2474000	-546.8375650706366
2475000	-357.38456214094913
2476000	-543.2659097971991
2477000	-522.8632608714179
2478000	-438.50101721907413
2479000	-578.5782877268866
2480000	-483.16837561751163
2481000	-411.35074866438663
2482000	-367.15043128157413
2483000	-406.88993323469913
2484000	-364.7645059886054
2485000	-423.6834513011054
2486000	-455.74088538313663
2487000	-457.12760413313663
2488000	-349.72489417219913
2489000	-549.7858072581366
2490000	-565.9130045237616
2491000	-429.4159952464179
2492000	-496.93790686751163
2493000	-494.39054358626163
2494000	-446.3766886057929
2495000	-451.9982706370429
2496000	-423.17191565657413
2497000	-471.20939124251163
2498000	-573.5378824534491
2499000	-554.2402139964179
2500000	-430.4369913401679
2501000	-457.15055335188663
2502000	-513.6412760081366
2503000	-461.0020548167304
2504000	-355.30619300032413
2505000	-667.8519693675116
2506000	-455.68033850813663
2507000	-469.21964514876163
2508000	-503.01920569563663
2509000	-591.4507242503241
2510000	-337.75394690657413
2511000	-358.83402503157413
2512000	-517.9039102854804
2513000	-520.2248331370429
2514000	-508.62247718001163
2515000	-511.4137979807929
2516000	-554.4753824534491
2517000	-515.8424478831366
2518000	-532.9387613596991
2519000	-540.5078531565741
2520000	-496.7901407542304
2521000	-497.39396155501163
2522000	-568.0176798167304
2523000	-571.7277017893866
2524000	-501.19694007063663
2525000	-404.9295450511054
2526000	-384.9177042307929
2527000	-374.24759925032413
2528000	-490.03055823469913
2529000	-455.5862833323554
2530000	-556.9078775706366
2531000	-447.01285803938663
2532000	-436.66800940657413
2533000	-356.96464026594913
2534000	-522.9684854807929
2535000	-458.81876624251163
2536000	-454.0611368479804
2537000	-558.6671549143866
2538000	-497.93400061751163
2539000	-391.26652014876163
2540000	-411.3223673167304
2541000	-394.59122718001163
2542000	-374.44999182844913
2543000	-477.30069983626163
2544000	-512.0930582346991
2545000	-510.64762366438663
2546000	-478.9039102854804
2547000	-468.07255042219913
2548000	-419.94364417219913
2549000	-452.11344397688663
2550000	-444.6272989573554
2551000	-451.31656897688663
2552000	-430.48819983626163
2553000	-456.14737952376163
2554000	-409.35013831282413
2555000	-384.8389688792304
2556000	-462.85624182844913
2557000	-496.3248087229804
2558000	-519.0679117503241
2559000	-539.0265299143866
2560000	-486.02518714094913
2561000	-464.56888831282413
2562000	-423.70218909407413
2563000	-543.9712320628241
2564000	-608.0654093089179
2565000	-598.0341593089179
2566000	-530.4037271800116
2567000	-455.0597940745429
2568000	-502.66288245344913
2569000	-428.36014807844913
2570000	-413.89188635969913
2571000	-503.07767737532413
2572000	-545.8472696604804
2573000	-516.0233560862616
2574000	-523.0381265940741
2575000	-496.17045081282413
2576000	-597.4965616526679
2577000	-508.7022501292304
2578000	-468.6545206370429
2579000	-478.3227335276679
2580000	-422.1733194651679
2581000	-399.77787268782413
2582000	-467.57035315657413
2583000	-465.24967444563663
2584000	-523.0914102854804
2585000	-462.81437171126163
2586000	-432.79069007063663
2587000	-443.83292639876163
2588000	-429.72013343001163
2589000	-382.96000159407413
2590000	-557.1043497386054
2591000	-537.9770914378241
2592000	-479.58353675032413
2593000	-521.0886637034491
2594000	-454.09281409407413
2595000	-548.4249674143866
2596000	-489.06058753157413
2597000	-396.50480139876163
2598000	-470.8294473948554
2599000	-432.48990882063663
2600000	-422.14042151594913
2601000	-364.57865393782413
2602000	-384.49820960188663
2603000	-534.6843057932929
2604000	-494.27506507063663
2605000	-438.76359046126163
2606000	-542.1462198557929
2607000	-584.1095377268866
2608000	-500.24601233626163
2609000	-496.62430823469913
2610000	-501.10660803938663
2611000	-544.4911905589179
2612000	-499.60343421126163
2613000	-464.7154337229804
2614000	-392.5488077464179
2615000	-457.8116251292304
2616000	-426.37516272688663
2617000	-481.96891272688663
2618000	-517.5039469065741
2619000	-400.0470987620429
2620000	-460.5971475901679
2621000	-436.63956702376163
2622000	-508.02335608626163
2623000	-366.91532385969913
2624000	-479.35990393782413
2625000	-406.23453772688663
2626000	-453.7214151682929
2627000	-477.35856116438663
2628000	-489.48758948469913
2629000	-492.5765177073554
2630000	-556.6735025706366
2631000	-350.59000647688663
2632000	-363.60514319563663
2633000	-538.1543375315741
2634000	-549.3513590159491
2635000	-472.05997718001163
2636000	-418.2070108714179
2637000	-404.8133341136054
2638000	-369.0906778636054
2639000	-441.03544104719913
2640000	-551.6471353831366
2641000	-371.1972452464179
2642000	-468.64396155501163
2643000	-401.88956702376163
2644000	-450.99637854719913
2645000	-348.50333655501163
2646000	-433.43851721907413
2647000	-353.4787393870429
2648000	-548.4086099925116
2649000	-443.61051428938663
2650000	-392.32755530501163
2651000	-399.80851233626163
2652000	-619.2800699534491
2653000	-473.6553751292304
2654000	-477.91459143782413
2655000	-469.7446085276679
2656000	-240.20981848860538
2657000	-562.3217569651679
2658000	-520.9338785471991
2659000	-595.5187174143866
2660000	-514.3481241526679
2661000	-393.13480628157413
2662000	-416.86905921126163
2663000	-385.90604651594913
2664000	-569.5260416331366
2665000	-486.73465979719913
2666000	-469.97635901594913
2667000	-502.28885901594913
2668000	-497.15995276594913
2669000	-559.5619303050116
2670000	-583.9402262034491
2671000	-477.10123694563663
2672000	-524.6748453440741
2673000	-462.74564612532413
2674000	-456.36075843001163
2675000	-370.52701819563663
2676000	-483.20694983626163
2677000	-458.29264319563663
2678000	-477.40214026594913
2679000	-514.5930582346991
2680000	-528.0963541331366
2681000	-558.9071451487616
2682000	-523.0803629221991
2683000	-489.42203772688663
2684000	-469.9335733714179
2685000	-476.31046546126163
2686000	-471.77128089094913
2687000	-486.96232093001163
2688000	-484.11258948469913
2689000	-441.70914710188663
2690000	-580.6789957346991
2691000	-552.5532633128241
2692000	-578.9598795237616
2693000	-520.0049845042304
2694000	-430.95597327376163
2695000	-447.8051554026679
2696000	-472.2627970042304
2697000	-339.50126135969913
2698000	-442.11417639876163
2699000	-428.99466956282413
2700000	-398.63639319563663
2701000	-456.53116858626163
2702000	-483.6032511057929
2703000	-519.0228678050116
2704000	-512.0837808909491
2705000	-615.3047281565741
2706000	-528.2079263987616
2707000	-497.84147132063663
2708000	-471.8022257151679
2709000	-424.4764200511054
2710000	-429.63578284407413
2711000	-405.9617716136054
2712000	-356.86503089094913
2713000	-508.7179971995429
2714000	-500.59171546126163
2715000	-480.0978800120429
2716000	-512.3293863596991
2717000	-515.9803873362616
2718000	-540.1217447581366
2719000	-578.7512613596991
2720000	-524.8162027659491
2721000	-512.2149454417304
2722000	-454.4174600901679
2723000	-490.99039710188663
2724000	-521.7494913401679
2725000	-332.03531897688663
2726000	-586.5600992503241
2727000	-565.7119547190741
2728000	-520.1522623362616
2729000	-509.94144690657413
2730000	-524.3922525706366
2731000	-514.5946451487616
2732000	-459.94925940657413
2733000	-386.5684610667304
2734000	-446.0591837229804
2735000	-401.74405921126163
2736000	-454.42521155501163
2737000	-380.6271768870429
2738000	-406.33573401594913
2739000	-412.79618323469913
2740000	-403.21476233626163
2741000	-386.51774085188663
2742000	-439.4731241526679
2743000	-494.15751135969913
2744000	-531.9124552073554
2745000	-636.6882730784491
2746000	-566.0737711253241
2747000	-540.3461099925116
2748000	-510.65458167219913
2749000	-534.4037271800116
2750000	-499.54777014876163
2751000	-559.2019449534491
2752000	-483.33878577376163
2753000	-523.1652628245429
2754000	-341.92338050032413
2755000	-569.2734781565741
2756000	-498.44974768782413
2757000	-478.3346964182929
2758000	-359.46378577376163
2759000	-365.8220011057929
2760000	-504.84842932844913
2761000	-575.0834146800116
2762000	-497.6133829417304
2763000	-323.36088050032413
2764000	-321.52176917219913
2765000	-520.4155680003241
2766000	-522.7049967112616
2767000	-436.52994788313663
2768000	-401.9358927073554
2769000	-535.7714029612616
2770000	-477.94364417219913
2771000	-451.69181311751163
2772000	-447.34476721907413
2773000	-507.41581214094913
2774000	-472.86161292219913
2775000	-508.3484903636054
2776000	-524.6572061839179
2777000	-491.12198889876163
2778000	-507.32548010969913
2779000	-552.2834879221991
2780000	-519.9293009104804
2781000	-469.8206583323554
2782000	-512.6625772776679
2783000	-569.9592691721991
2784000	-475.89554846907413
2785000	-585.8169351878241
2786000	-468.68448889876163
2787000	-574.5726724925116
2788000	-565.7161051096991
2789000	-509.29593909407413
2790000	-522.5251871409491
2791000	-527.6222330393866
2792000	-465.70060218001163
2793000	-395.90018714094913
2794000	-399.91507971907413
2795000	-494.6558634104804
2796000	-443.6937052073554
2797000	-398.3213907542304
2798000	-458.85099280501163
2799000	-369.41569007063663
2800000	-452.48063147688663
2801000	-510.28360999251163
2802000	-521.5081583323554
2803000	-535.2309366526679
2804000	-469.03202307844913
2805000	-482.42667639876163
2806000	-380.7338663401679
2807000	-474.9430948557929
2808000	-512.3348795237616
2809000	-386.0588175120429
2810000	-426.88492835188663
2811000	-454.32938635969913
2812000	-454.84049475813663
2813000	-405.5987345042304
2814000	-505.97306311751163
2815000	-490.29264319563663
2816000	-514.7210489573554
2817000	-467.36625159407413
2818000	-508.57413733626163
2819000	-411.3556925120429
2820000	-437.31046546126163
2821000	-536.8597818675116
2822000	-413.09476721907413
2823000	-431.2955118479804
2824000	-412.40885413313663
2825000	-500.72379553938663
2826000	-574.1710611643866
2827000	-504.4052530589179
2828000	-539.8204752268866
2829000	-410.48563635969913
2830000	-423.8018595042304
2831000	-431.47501624251163
2832000	-451.0044962229804
2833000	-412.42313635969913
2834000	-527.2464395823554
2835000	-534.8334146800116
2836000	-517.3625894846991
2837000	-493.1390177073554
2838000	-464.3830362620429
2839000	-386.9293009104804
2840000	-403.30704749251163
2841000	-473.25126135969913
2842000	-445.0116983714179
2843000	-349.26627600813663
2844000	-437.64396155501163
2845000	-489.79313147688663
2846000	-437.71073401594913
2847000	-418.4493204417304
2848000	-551.5945841136054
2849000	-554.7303873362616
2850000	-557.5011392893866
2851000	-506.9983927073554
2852000	-391.98392737532413
2853000	-424.49527991438663
2854000	-495.11063635969913
2855000	-464.69706214094913
2856000	-400.32279456282413
2857000	-409.29862464094913
2858000	-345.87552893782413
2859000	-389.70609534407413
2860000	-449.45389807844913
2861000	-563.6483560862616
2862000	-453.04984534407413
2863000	-503.1302286448554
2864000	-503.56913245344913
2865000	-550.6520792307929
2866000	-440.6023966136054
2867000	-604.4136148753241
2868000	-321.79056800032413
2869000	-381.4574991526679
2870000	-401.91434729719913
2871000	-425.5893350901679
2872000	-480.8467813792304
2873000	-556.5401407542304
2874000	-481.4675089182929
2875000	-500.76200354719913
2876000	-478.69938147688663
2877000	-578.8442179026679
2878000	-497.17069495344913
2879000	-530.2123209300116
2880000	-491.56205237532413
2881000	-437.06107581282413
2882000	-385.60685218001163
2883000	-394.54093421126163
2884000	-400.54423010969913
2885000	-445.91739905501163
2886000	-466.28885901594913
2887000	-458.6114298167304
2888000	-472.07071936751163
2889000	-430.51383460188663
2890000	-487.74833167219913
2891000	-428.42386878157413
2892000	-530.2967935862616
2893000	-516.8301187815741
2894000	-525.0964151682929
2895000	-395.60697425032413
2896000	-490.5827432932929
2897000	-624.5015665354804
2898000	-475.48502600813663
2899000	-448.44437659407413
2900000	-408.60599768782413
2901000	-397.9339395823554
2902000	-504.48807776594913
2903000	-537.1706949534491
2904000	-524.3220621409491
2905000	-518.5002847971991
2906000	-515.9744058909491
2907000	-452.8055216136054
2908000	-481.0688272776679
2909000	-555.6529947581366
2910000	-437.2925821604804
2911000	-449.3742471995429
2912000	-463.6042276682929
2913000	-525.2388101878241
2914000	-534.4123941721991
2915000	-513.8788858714179
2916000	-468.46061194563663
2917000	-445.6399942698554
2918000	-661.8905435862616
2919000	-594.0122476878241
2920000	-352.43631995344913
2921000	-491.24393714094913
2922000	-534.9083658518866
2923000	-456.62577307844913
2924000	-487.62760413313663
2925000	-458.35416663313663
2926000	-410.70096839094913
2927000	-465.20694983626163
2928000	-267.36905921126163
2929000	-408.7165323557929
2930000	-399.42460120344913
2931000	-465.56827796126163
2932000	-563.8191934886054
2933000	-434.6619669261054
2934000	-428.33243811751163
2935000	-405.32804358626163
2936000	-456.16337073469913
2937000	-582.6288858714179
2938000	-572.5407511057929
2939000	-552.3112589182929
2940000	-440.90506995344913
2941000	-425.2029825511054
2942000	-473.70377600813663
2943000	-461.14615882063663
2944000	-449.09281409407413
2945000	-461.00626624251163
2946000	-508.9761759104804
2947000	-396.24332678938663
2948000	-509.2370401682929
2949000	-412.9291788401679
2950000	-446.92374671126163
2951000	-427.23868811751163
2952000	-411.17655432844913
2953000	-447.82157385969913
2954000	-395.8388468089179
2955000	-408.1292520823554
2956000	-537.9683023753241
2957000	-332.8975626292304
2958000	-373.39078772688663
2959000	-427.31363928938663
2960000	-428.1399942698554
2961000	-464.46793616438663
2962000	-472.2780557932929
2963000	-478.49833167219913
2964000	-375.92740882063663
2965000	-451.48758948469913
2966000	-429.54923499251163
2967000	-517.9507242503241
2968000	-497.55814612532413
2969000	-448.47782385969913
2970000	-604.9988199534491
2971000	-489.7350870432929
2972000	-446.41178382063663
2973000	-483.4935098948554
2974000	-540.4704996409491
2975000	-449.25858557844913
2976000	-410.34293616438663
2977000	-394.28299964094913
2978000	-443.45292151594913
2979000	-539.2988077464179
2980000	-467.74064124251163
2981000	-517.6249796214179
2982000	-475.24881995344913
2983000	-461.07145178938663
2984000	-389.40128577376163
2985000	-488.6464639964179
2986000	-416.32474768782413
2987000	-354.29996741438663
2988000	-333.54972327376163
2989000	-499.70817053938663
2990000	-389.1882120432929
2991000	-351.9650675120429
2992000	-340.17594397688663
2993000	-519.1495157542304
2994000	-349.69474280501163
2995000	-409.9054971995429
2996000	-424.61710608626163
2997000	-455.58951819563663
2998000	-457.18314612532413
2999000	-392.3628946604804
3000000	-492.81376135969913
3001000	-493.41739905501163
3002000	-567.9607340159491
3003000	-506.66007483626163
3004000	-554.4475504221991
3005000	-475.74235022688663
3006000	-531.0153604807929
3007000	-430.86625159407413
3008000	-450.93436682844913
3009000	-466.40751135969913
3010000	-450.46781409407413
3011000	-459.0269571604804
3012000	-489.2941690745429
3013000	-502.39957678938663
3014000	-495.11661780501163
3015000	-523.4689127268866
3016000	-431.57853186751163
3017000	-513.4217325511054
3018000	-406.5757852854804
3019000	-356.40262854719913
3020000	-440.4023233714179
3021000	-489.86271155501163
3022000	-536.9214273753241
3023000	-468.04606116438663
3024000	-577.5221353831366
3025000	-554.5728555979804
3026000	-572.9390055003241
3027000	-405.4424845042304
3028000	-505.73893225813663
3029000	-398.31986487532413
3030000	-435.52714026594913
3031000	-415.85441077376163
3032000	-395.1208292307929
3033000	-491.6814981761054
3034000	-583.5120645823554
3035000	-412.15580237532413
3036000	-361.1277872386054
3037000	-301.0730997386054
3038000	-415.7524210276679
3039000	-527.1151529612616
3040000	-511.52652991438663
3041000	-362.5113321604804
3042000	-382.9578653636054
3043000	-400.08573401594913
3044000	-429.0916544261054
3045000	-431.89933264876163
3046000	-446.07120764876163
3047000	-532.4732462229804
3048000	-593.0144449534491
3049000	-489.7569376292304
3050000	-520.8392740550116
3051000	-540.1887003245429
3052000	-351.79191077376163
3053000	-522.2913004221991
3054000	-545.2790323557929
3055000	-313.3729044261054
3056000	-406.37540686751163
3057000	-633.0259805979804
3058000	-450.5009561839179
3059000	-398.34098303938663
3060000	-500.3703409495429
3061000	-522.0088907542304
3062000	-632.0735880198554
3063000	-396.92997229719913
3064000	-590.8406168284491
3065000	-631.1908365550116
3066000	-476.32767737532413
3067000	-467.1122843089179
3068000	-468.89994300032413
3069000	-501.53861487532413
3070000	-600.0148721995429
3071000	-505.42081702376163
3072000	-513.8176065745429
3073000	-532.5946451487616
3074000	-450.3493448557929
3075000	-493.9072061839179
3076000	-410.67923987532413
3077000	-404.59025061751163
3078000	-394.49161780501163
3079000	-453.5020548167304
3080000	-558.8789469065741
3081000	-552.4850260081366
3082000	-469.79715979719913
3083000	-429.5370889964179
3084000	-439.2117716136054
3085000	-337.19340003157413
3086000	-394.75126135969913
3087000	-478.60660803938663
